300
100
115.16 109.5
305.19 85.65
441.43 289.11
396.76 72.26
152.52 194.73
350.3 333.23
49.61 469.24
57.05 462.64
214.98 446.46
162.6 155.47
20.58 440.29
449.16 425.3
336.62 397.67
315.82 75.4
352.78 448.99
292.98 100.3
138.88 163.69
102.47 307.58
486.59 196.98
418.38 366.23
222.39 204.58
208.54 248.45
84.14 56.09
136.81 130.12
402.09 373.15
221.21 64.62
153.33 295.67
474.71 71.85
223.41 363.9
166.16 87.26
110.15 398.79
484.85 274.1
82.12 454.88
330.55 39.15
117.71 215.64
58.37 200.69
15.59 269.93
8.61 461.34
198.85 89.13
393.37 136.78
471.08 3.19
378.31 259.69
282.89 153.48
402.43 61.09
403.61 176.64
200.09 80.28
237.25 336.1
303.03 256.34
137.25 186.11
230.15 341.31
404.73 205.29
426.48 106.72
142.75 196.13
4.45 392.81
49.55 496.01
353.85 129.38
35.36 226.83
393.64 74.66
248.3 67.2
449.46 343.9
458.87 391.05
477.57 108.24
344.69 416.42
444.57 455.66
296.59 355.32
44.51 258.4
154.53 10.24
176.68 129.25
173.35 466.5
111.05 204.4
292.44 439.59
416.93 452.53
75.92 212.89
488.86 282.05
57.21 476.99
481.46 144.82
375.62 433.86
139.33 158.15
326.21 316.05
114.55 201.34
306.23 268.31
40.96 313.73
423.24 359.48
84.53 234.62
464.84 342.15
93.95 343.85
332.17 432.57
179.67 364.28
3 369.1
187.79 29.96
300.19 87.52
434.25 49.55
314.23 3.87
322.81 151.98
186.45 313.49
297.93 416.95
101.18 323.7
328.72 146.55
19 56.49
269.95 479.52
202.56 134.11
315.58 388.91
286.16 263.71
411.18 25.26
145.41 60.12
309.5 193.98
9.89 157.98
492.25 142.31
458.48 118
451.8 41.15
140.85 194.5
164.43 109.58
107.32 483.63
307.48 421.83
91.14 449.64
40.88 442.06
104.87 3.47
162.9 134.5
370.9 350.29
72.35 350.56
270.24 329.72
18.51 464.84
84.29 454.23
446.64 305.48
401.61 289.88
155.55 74.67
233.08 454.62
10.6 257.26
97.77 12.73
108.88 60.42
253.57 383.87
334.41 0.67
291.02 336.5
88.82 426.85
228.27 393.67
477.65 200.07
205.62 145.64
168.74 18.22
221.59 370.25
141.73 211.64
402.91 153.04
489.1 240.71
224.98 8.03
38.72 292.22
461.81 491.27
174.49 319.4
321.13 58.56
429.18 41.82
158.62 22.33
153.11 20.47
139.18 423.53
443.47 137.88
457.54 369.72
369.71 412.38
477.73 132.88
327.95 436.42
313.1 14.17
129.96 161.22
95.48 41.83
447.18 226.95
190.38 157.79
47.53 144.68
35.67 394.99
221.69 189.54
444.31 439.08
21.73 245.86
496.9 152.93
124.1 37.59
2.55 85.23
11.3 271.26
37.26 38.23
322.03 333.11
478.69 358.24
245.24 262.41
402.74 423.2
19.95 125.24
96.74 21.2
400.18 288.38
262 155.91
350.31 150.52
85.17 41.96
454.21 388.58
168.48 484.99
7.07 337.91
185.13 53.55
407.18 307.02
40.69 488.31
477.04 306.3
50.18 155.58
53.81 499.34
278.28 200.84
245.65 8.4
466.41 430.24
393.06 48.01
332.12 445.08
178.71 93.66
131.91 114.12
37.62 359.57
61.49 127.56
413.06 168.3
375.26 93.12
413.87 474.6
209.45 258.09
422.21 446.88
49.09 181.63
340.81 186.64
477.02 414.25
435.09 451.16
334.14 374.24
279.5 201.98
161.86 136.9
190.16 342.35
333.72 70.59
67.11 348.35
18.87 177.97
269.46 262.78
263.73 168.7
102.92 480.85
302.13 99.27
43.27 424.25
337.35 4.05
61.23 181.72
164.37 470.23
37.22 410.38
5.03 93.32
21.75 475.15
303.58 260.39
235.7 333.7
392.24 259.01
396.11 167.6
158.76 302.94
45.13 212.75
76.7 227.15
241.54 175.11
65.82 487.86
27.7 84.28
125.77 127.74
117.96 112.22
328.18 351.97
423.29 20.28
202.64 116.6
123.02 96.62
162.4 329.51
195.37 25.61
281.08 85.68
119.64 413.42
458 78.13
234.15 70.28
301.13 350.87
113.56 8.89
223.75 142.38
100.23 469.27
493.6 384.28
317.48 213.24
64.22 400.86
56.23 216.85
26.26 357.57
229.23 65.29
37.46 425.92
366.49 449.37
289.19 444.85
205.26 283.34
482.36 355.38
292.75 497.08
368.76 192.29
137.93 34.34
116.86 249.8
466.56 376.4
176.56 205.93
188.9 263.24
381.62 300.48
355.13 355.41
111.42 377.62
256.14 152.94
369.37 361.71
29.23 278.41
298.8 281.96
252.24 443.78
192.35 105.59
401.7 103.63
213.15 492.83
361.75 254.92
489.44 202.09
318.91 232.04
112.17 195.32
236.65 141.36
497.85 89.9
353.9 314.45
3.64 329.81
129.67 240.41
318.75 110.72
101.13 77.74
498.75 470.86
206.21 363.63
421.92 216.82
475.5 39.05
98.03 247.22
471.84 364.48
152.32 87.72
28.15 43.65
