300
300
4669
0 4
0 9
0 16
0 22
0 23
0 29
0 38
0 45
0 48
0 52
0 67
0 69
0 77
0 79
0 100
0 104
0 110
0 111
0 117
0 125
0 128
0 129
0 136
0 148
0 149
0 157
0 158
0 160
0 161
0 167
0 175
0 176
0 180
0 184
0 188
0 195
0 196
0 198
0 204
0 210
0 221
0 235
0 236
0 237
0 240
0 241
0 265
0 278
0 284
0 291
0 298
1 3
1 13
1 15
1 25
1 33
1 42
1 55
1 57
1 58
1 90
1 92
1 93
1 97
1 131
1 146
1 156
1 178
1 179
1 191
1 193
1 200
1 212
1 216
1 218
1 220
1 244
1 247
1 250
1 257
1 273
1 279
1 285
1 290
2 19
2 24
2 31
2 41
2 50
2 59
2 73
2 82
2 84
2 118
2 123
2 124
2 135
2 141
2 152
2 159
2 172
2 177
2 185
2 187
2 228
2 262
2 267
2 270
2 281
2 282
2 287
2 294
2 297
3 13
3 27
3 33
3 39
3 43
3 51
3 55
3 57
3 61
3 90
3 91
3 103
3 108
3 109
3 131
3 140
3 146
3 147
3 151
3 179
3 193
3 199
3 200
3 212
3 218
3 220
3 229
3 239
3 246
3 279
3 290
3 295
4 9
4 16
4 20
4 21
4 23
4 34
4 35
4 48
4 52
4 67
4 69
4 72
4 77
4 79
4 83
4 100
4 110
4 111
4 117
4 136
4 139
4 157
4 160
4 163
4 196
4 202
4 210
4 221
4 232
4 233
4 236
4 237
4 240
4 250
4 255
4 266
4 268
4 269
4 278
4 284
4 285
4 289
4 296
5 12
5 19
5 24
5 41
5 47
5 59
5 62
5 64
5 78
5 80
5 82
5 95
5 101
5 102
5 113
5 118
5 120
5 124
5 132
5 153
5 171
5 177
5 185
5 208
5 226
5 228
5 238
5 248
5 270
5 271
5 274
5 276
5 281
5 287
6 7
6 10
6 30
6 32
6 37
6 53
6 54
6 74
6 112
6 114
6 115
6 121
6 122
6 133
6 162
6 186
6 189
6 217
6 219
6 223
6 225
6 234
6 245
6 251
6 254
6 258
7 10
7 30
7 32
7 37
7 53
7 54
7 74
7 112
7 114
7 115
7 121
7 122
7 133
7 150
7 162
7 186
7 189
7 217
7 219
7 223
7 225
7 234
7 245
7 251
7 254
7 258
8 28
8 68
8 70
8 87
8 95
8 99
8 113
8 126
8 130
8 134
8 138
8 150
8 182
8 222
8 260
8 263
8 277
8 280
8 293
9 16
9 20
9 23
9 29
9 34
9 38
9 45
9 48
9 52
9 67
9 69
9 77
9 79
9 100
9 104
9 110
9 111
9 117
9 125
9 136
9 139
9 157
9 160
9 163
9 178
9 195
9 196
9 210
9 233
9 236
9 237
9 240
9 241
9 250
9 268
9 273
9 278
9 284
9 285
9 289
9 291
9 298
10 30
10 32
10 37
10 53
10 54
10 74
10 88
10 112
10 114
10 115
10 121
10 122
10 133
10 162
10 186
10 189
10 197
10 217
10 219
10 223
10 225
10 234
10 251
10 254
10 256
10 258
11 14
11 19
11 24
11 59
11 60
11 63
11 71
11 76
11 82
11 84
11 144
11 152
11 153
11 164
11 172
11 174
11 181
11 192
11 201
11 203
11 206
11 207
11 252
11 259
11 262
11 267
11 292
11 297
12 14
12 19
12 24
12 62
12 64
12 70
12 71
12 76
12 78
12 82
12 86
12 95
12 101
12 113
12 118
12 120
12 130
12 132
12 153
12 155
12 171
12 174
12 194
12 203
12 208
12 238
12 248
12 259
12 260
12 271
12 274
12 277
12 287
13 15
13 25
13 33
13 39
13 42
13 43
13 55
13 57
13 58
13 90
13 92
13 93
13 97
13 131
13 146
13 156
13 178
13 179
13 191
13 193
13 200
13 212
13 218
13 220
13 244
13 247
13 257
13 273
13 279
13 290
14 24
14 62
14 63
14 70
14 71
14 76
14 86
14 95
14 99
14 101
14 113
14 153
14 155
14 164
14 174
14 194
14 201
14 203
14 207
14 208
14 259
14 260
14 263
14 271
14 274
15 25
15 33
15 38
15 42
15 45
15 55
15 58
15 90
15 92
15 93
15 97
15 100
15 105
15 136
15 146
15 156
15 178
15 179
15 200
15 205
15 212
15 216
15 218
15 233
15 240
15 244
15 247
15 250
15 257
15 273
15 285
15 290
16 20
16 23
16 29
16 34
16 35
16 38
16 48
16 52
16 67
16 69
16 72
16 77
16 79
16 83
16 100
16 110
16 111
16 117
16 125
16 136
16 139
16 157
16 160
16 161
16 163
16 188
16 195
16 196
16 198
16 204
16 210
16 221
16 232
16 236
16 237
16 240
16 241
16 250
16 255
16 266
16 268
16 278
16 284
16 289
16 291
16 296
16 298
17 26
17 30
17 34
17 36
17 65
17 72
17 81
17 83
17 85
17 87
17 94
17 96
17 119
17 143
17 145
17 169
17 197
17 211
17 213
17 230
17 232
17 242
17 256
17 266
17 269
17 272
17 275
17 289
17 296
18 31
18 44
18 50
18 61
18 73
18 75
18 107
18 108
18 135
18 140
18 141
18 151
18 154
18 159
18 166
18 199
18 229
18 282
18 294
19 24
19 59
19 60
19 62
19 63
19 71
19 76
19 82
19 84
19 118
19 123
19 124
19 152
19 153
19 164
19 172
19 174
19 177
19 181
19 185
19 187
19 192
19 203
19 206
19 207
19 208
19 238
19 252
19 259
19 262
19 267
19 270
19 271
19 274
19 287
19 297
20 21
20 42
20 47
20 48
20 52
20 67
20 77
20 100
20 102
20 105
20 110
20 117
20 136
20 139
20 160
20 163
20 173
20 178
20 190
20 202
20 209
20 210
20 215
20 216
20 226
20 233
20 240
20 250
20 253
20 261
20 268
20 269
20 273
20 285
20 289
21 26
21 34
21 46
21 47
21 48
21 49
21 52
21 80
21 94
21 102
21 110
21 139
21 145
21 160
21 163
21 173
21 190
21 202
21 209
21 211
21 215
21 216
21 226
21 227
21 230
21 233
21 242
21 261
21 266
21 268
21 269
21 276
21 289
22 23
22 29
22 66
22 98
22 104
22 111
22 116
22 125
22 128
22 129
22 137
22 148
22 149
22 158
22 161
22 167
22 168
22 170
22 175
22 176
22 180
22 196
22 198
22 224
22 235
22 236
22 237
22 241
22 249
22 265
22 291
22 298
22 299
23 29
23 34
23 38
23 45
23 48
23 52
23 67
23 69
23 77
23 79
23 100
23 104
23 110
23 111
23 117
23 125
23 129
23 136
23 139
23 157
23 158
23 160
23 161
23 167
23 184
23 188
23 195
23 196
23 198
23 210
23 221
23 236
23 237
23 240
23 241
23 250
23 265
23 268
23 278
23 284
23 291
23 298
24 59
24 60
24 62
24 63
24 71
24 76
24 78
24 82
24 84
24 86
24 101
24 118
24 123
24 124
24 152
24 153
24 155
24 164
24 171
24 172
24 174
24 177
24 181
24 185
24 192
24 203
24 206
24 207
24 208
24 238
24 252
24 259
24 262
24 267
24 270
24 271
24 274
24 287
24 297
25 29
25 38
25 45
25 58
25 66
25 67
25 89
25 90
25 100
25 104
25 111
25 117
25 125
25 136
25 137
25 142
25 148
25 149
25 160
25 178
25 184
25 191
25 195
25 210
25 218
25 240
25 243
25 244
25 247
25 250
25 257
25 265
25 273
25 278
25 285
25 298
26 28
26 34
26 46
26 49
26 83
26 85
26 87
26 94
26 96
26 119
26 139
26 145
26 173
26 202
26 211
26 227
26 230
26 242
26 261
26 266
26 268
26 269
26 272
26 289
26 293
26 296
27 40
27 43
27 51
27 57
27 61
27 75
27 91
27 103
27 107
27 108
27 109
27 147
27 151
27 154
27 166
27 193
27 239
27 246
27 279
27 286
27 295
28 46
28 49
28 64
28 87
28 94
28 95
28 101
28 120
28 126
28 130
28 132
28 134
28 138
28 145
28 211
28 227
28 230
28 242
28 248
28 261
28 277
28 293
29 38
29 45
29 58
29 66
29 67
29 77
29 89
29 100
29 104
29 111
29 117
29 125
29 129
29 136
29 137
29 142
29 148
29 149
29 157
29 158
29 160
29 167
29 176
29 180
29 184
29 195
29 196
29 210
29 236
29 237
29 240
29 241
29 243
29 247
29 249
29 250
29 257
29 265
29 278
29 285
29 291
29 298
30 32
30 68
30 74
30 85
30 87
30 96
30 112
30 114
30 115
30 119
30 122
30 133
30 150
30 162
30 197
30 211
30 213
30 217
30 219
30 222
30 223
30 234
30 242
30 245
30 251
30 254
30 256
30 258
30 272
31 59
31 73
31 84
31 123
31 124
31 135
31 141
31 152
31 159
31 172
31 177
31 185
31 187
31 228
31 262
31 282
31 294
31 297
32 37
32 53
32 54
32 68
32 74
32 112
32 114
32 115
32 121
32 122
32 133
32 150
32 162
32 182
32 186
32 189
32 217
32 219
32 222
32 223
32 225
32 234
32 245
32 251
32 254
32 258
32 272
33 43
33 55
33 57
33 58
33 90
33 92
33 103
33 131
33 146
33 147
33 156
33 191
33 193
33 200
33 212
33 218
33 220
33 239
33 244
33 279
33 290
34 35
34 48
34 52
34 56
34 65
34 69
34 72
34 77
34 79
34 83
34 110
34 117
34 139
34 157
34 160
34 161
34 188
34 204
34 210
34 221
34 230
34 231
34 232
34 236
34 255
34 266
34 268
34 269
34 284
34 289
34 296
35 36
35 48
35 52
35 56
35 65
35 69
35 72
35 77
35 79
35 83
35 106
35 110
35 127
35 139
35 143
35 157
35 161
35 165
35 169
35 175
35 188
35 198
35 204
35 214
35 221
35 231
35 232
35 236
35 255
35 266
35 275
35 284
35 289
35 296
36 56
36 65
36 72
36 81
36 83
36 88
36 119
36 127
36 143
36 165
36 169
36 183
36 197
36 204
36 213
36 214
36 221
36 231
36 232
36 255
36 256
36 275
36 288
36 296
37 53
37 54
37 74
37 88
37 114
37 115
37 121
37 122
37 133
37 162
37 186
37 189
37 217
37 219
37 223
37 225
37 234
37 251
37 254
37 258
38 45
38 58
38 66
38 67
38 77
38 89
38 100
38 104
38 111
38 117
38 125
38 129
38 136
38 137
38 142
38 148
38 149
38 157
38 160
38 167
38 178
38 184
38 191
38 195
38 196
38 210
38 233
38 236
38 237
38 240
38 241
38 243
38 244
38 247
38 250
38 257
38 265
38 273
38 278
38 285
38 291
38 298
39 43
39 44
39 50
39 51
39 55
39 57
39 61
39 75
39 91
39 93
39 97
39 107
39 108
39 140
39 151
39 154
39 179
39 193
39 199
39 200
39 205
39 212
39 218
39 229
39 246
39 264
39 279
39 290
39 294
40 43
40 91
40 103
40 109
40 147
40 193
40 239
40 246
40 286
40 295
41 44
41 47
41 50
41 78
41 80
41 102
41 105
41 118
41 123
41 124
41 159
41 171
41 177
41 185
41 199
41 205
41 226
41 228
41 229
41 253
41 264
41 270
41 271
41 276
41 281
41 283
41 287
41 294
42 55
42 58
42 90
42 93
42 97
42 100
42 105
42 136
42 160
42 163
42 178
42 179
42 190
42 205
42 209
42 212
42 216
42 218
42 233
42 240
42 244
42 247
42 250
42 253
42 264
42 273
42 283
42 285
42 290
43 51
43 55
43 57
43 61
43 91
43 103
43 108
43 109
43 131
43 140
43 146
43 147
43 151
43 193
43 200
43 212
43 220
43 239
43 246
43 279
43 286
43 290
43 295
44 50
44 51
44 55
44 75
44 93
44 97
44 105
44 107
44 108
44 135
44 140
44 151
44 154
44 159
44 166
44 179
44 199
44 200
44 205
44 228
44 229
44 253
44 264
44 279
44 281
44 282
44 294
45 58
45 66
45 67
45 77
45 89
45 100
45 104
45 111
45 117
45 125
45 129
45 136
45 137
45 142
45 148
45 149
45 160
45 167
45 178
45 184
45 191
45 195
45 196
45 210
45 236
45 237
45 240
45 241
45 243
45 244
45 247
45 250
45 257
45 265
45 273
45 278
45 285
45 291
45 298
46 49
46 64
46 78
46 80
46 87
46 94
46 101
46 102
46 120
46 130
46 132
46 134
46 138
46 145
46 171
46 173
46 202
46 211
46 215
46 227
46 230
46 238
46 242
46 248
46 261
46 269
46 276
46 293
47 64
47 78
47 80
47 102
47 105
47 120
47 132
47 171
47 173
47 190
47 202
47 205
47 209
47 215
47 216
47 226
47 228
47 238
47 248
47 253
47 264
47 270
47 276
47 281
47 283
47 287
48 52
48 67
48 69
48 72
48 77
48 79
48 83
48 100
48 110
48 111
48 117
48 136
48 139
48 157
48 160
48 161
48 163
48 188
48 196
48 198
48 204
48 210
48 221
48 231
48 232
48 236
48 237
48 240
48 241
48 250
48 255
48 266
48 268
48 269
48 278
48 284
48 289
48 296
48 298
49 64
49 78
49 87
49 94
49 101
49 102
49 120
49 130
49 132
49 134
49 138
49 145
49 171
49 173
49 202
49 211
49 215
49 227
49 230
49 238
49 242
49 248
49 261
49 269
49 276
49 293
50 55
50 75
50 93
50 97
50 105
50 124
50 135
50 140
50 141
50 151
50 159
50 177
50 179
50 199
50 205
50 228
50 229
50 253
50 264
50 270
50 281
50 282
50 283
50 294
51 55
51 57
51 61
51 75
51 91
51 103
51 107
51 108
51 109
51 140
51 147
51 151
51 154
51 166
51 179
51 193
51 199
51 200
51 212
51 229
51 239
51 246
51 279
51 286
51 295
52 67
52 69
52 72
52 77
52 79
52 83
52 100
52 110
52 111
52 117
52 136
52 139
52 157
52 160
52 163
52 196
52 202
52 204
52 210
52 221
52 231
52 232
52 236
52 237
52 240
52 250
52 255
52 266
52 268
52 269
52 284
52 289
52 296
53 74
53 81
53 88
53 115
53 119
53 121
53 133
53 162
53 183
53 197
53 213
53 219
53 223
53 225
53 254
53 256
53 258
53 288
54 74
54 112
54 114
54 115
54 121
54 122
54 133
54 186
54 189
54 217
54 219
54 223
54 225
54 234
54 251
54 254
54 258
55 57
55 90
55 93
55 97
55 105
55 140
55 146
55 151
55 178
55 179
55 193
55 199
55 200
55 205
55 212
55 216
55 218
55 229
55 244
55 253
55 264
55 279
55 290
56 65
56 69
56 72
56 79
56 81
56 83
56 106
56 127
56 143
56 161
56 165
56 169
56 188
56 204
56 214
56 221
56 231
56 232
56 255
56 266
56 275
56 284
56 289
56 296
57 61
57 90
57 91
57 97
57 103
57 108
57 109
57 131
57 140
57 146
57 147
57 151
57 179
57 193
57 199
57 200
57 212
57 218
57 220
57 229
57 239
57 246
57 279
57 290
57 295
58 67
58 89
58 90
58 92
58 100
58 111
58 125
58 136
58 137
58 142
58 146
58 156
58 178
58 184
58 191
58 195
58 212
58 218
58 240
58 243
58 244
58 247
58 250
58 257
58 273
58 278
58 285
58 290
58 298
59 60
59 73
59 82
59 84
59 118
59 123
59 124
59 152
59 164
59 172
59 174
59 177
59 181
59 185
59 187
59 192
59 206
59 252
59 262
59 267
59 270
59 271
59 274
59 287
59 297
60 63
60 71
60 76
60 82
60 84
60 118
60 123
60 152
60 153
60 164
60 172
60 174
60 181
60 185
60 187
60 192
60 201
60 203
60 206
60 207
60 252
60 262
60 267
60 274
60 292
60 297
61 75
61 91
61 107
61 108
61 109
61 135
61 140
61 147
61 151
61 154
61 166
61 199
61 246
61 279
61 282
61 286
61 295
62 64
62 70
62 71
62 76
62 82
62 86
62 95
62 99
62 101
62 113
62 118
62 130
62 132
62 153
62 155
62 171
62 174
62 194
62 201
62 203
62 207
62 208
62 238
62 248
62 259
62 260
62 263
62 271
62 274
62 277
63 71
63 76
63 82
63 144
63 152
63 153
63 164
63 174
63 181
63 192
63 201
63 203
63 206
63 207
63 252
63 259
63 267
63 292
63 297
64 70
64 78
64 80
64 86
64 95
64 101
64 102
64 113
64 118
64 120
64 130
64 132
64 134
64 138
64 153
64 155
64 171
64 194
64 208
64 215
64 226
64 227
64 238
64 248
64 260
64 271
64 274
64 276
64 277
64 287
64 293
65 69
65 72
65 79
65 81
65 83
65 85
65 96
65 119
65 127
65 143
65 165
65 169
65 183
65 204
65 213
65 214
65 221
65 231
65 232
65 255
65 266
65 275
65 284
65 288
65 289
65 296
66 89
66 104
66 111
66 116
66 125
66 128
66 129
66 137
66 142
66 148
66 149
66 158
66 167
66 176
66 180
66 184
66 191
66 195
66 241
66 243
66 247
66 249
66 257
66 265
66 291
66 298
67 69
67 77
67 79
67 89
67 100
67 104
67 110
67 111
67 117
67 125
67 129
67 136
67 139
67 157
67 160
67 163
67 178
67 184
67 195
67 196
67 210
67 216
67 233
67 236
67 237
67 240
67 241
67 247
67 250
67 257
67 268
67 273
67 278
67 284
67 285
67 291
67 298
68 99
68 112
68 114
68 122
68 126
68 133
68 134
68 150
68 182
68 217
68 222
68 245
68 251
68 277
68 280
69 72
69 77
69 79
69 83
69 110
69 117
69 139
69 157
69 160
69 161
69 165
69 188
69 196
69 198
69 204
69 210
69 214
69 221
69 231
69 232
69 236
69 237
69 255
69 266
69 268
69 269
69 284
69 289
69 296
70 76
70 86
70 95
70 99
70 101
70 113
70 126
70 130
70 134
70 138
70 153
70 155
70 194
70 208
70 238
70 248
70 259
70 260
70 263
70 277
70 280
71 76
71 82
71 86
71 144
71 152
71 153
71 155
71 164
71 174
71 181
71 192
71 194
71 201
71 203
71 206
71 207
71 259
71 267
71 292
72 77
72 79
72 83
72 106
72 110
72 127
72 139
72 143
72 157
72 161
72 165
72 169
72 188
72 198
72 204
72 214
72 221
72 231
72 232
72 236
72 255
72 266
72 275
72 284
72 289
72 296
73 84
73 123
73 124
73 135
73 141
73 152
73 159
73 172
73 177
73 185
73 187
73 228
73 262
73 267
73 282
73 294
73 297
74 112
74 114
74 115
74 121
74 122
74 133
74 150
74 162
74 186
74 189
74 217
74 219
74 223
74 225
74 234
74 245
74 251
74 254
74 258
75 107
75 108
75 135
75 140
75 141
75 151
75 154
75 159
75 166
75 199
75 229
75 246
75 279
75 282
75 286
75 294
76 82
76 86
76 95
76 101
76 113
76 118
76 153
76 155
76 164
76 174
76 181
76 192
76 194
76 201
76 203
76 207
76 208
76 238
76 259
76 260
76 271
76 274
77 79
77 83
77 100
77 104
77 110
77 111
77 117
77 125
77 136
77 139
77 157
77 160
77 161
77 163
77 188
77 195
77 196
77 198
77 204
77 210
77 221
77 232
77 236
77 237
77 240
77 241
77 250
77 266
77 268
77 278
77 284
77 285
77 289
77 291
77 296
77 298
78 80
78 101
78 102
78 118
78 120
78 124
78 130
78 132
78 171
78 173
78 177
78 185
78 208
78 215
78 226
78 227
78 228
78 238
78 248
78 270
78 271
78 274
78 276
78 281
78 283
78 287
79 83
79 110
79 117
79 139
79 157
79 160
79 161
79 188
79 196
79 198
79 204
79 210
79 214
79 221
79 231
79 232
79 236
79 237
79 255
79 266
79 268
79 269
79 284
79 289
79 296
80 102
80 105
80 120
80 124
80 132
80 171
80 173
80 177
80 190
80 202
80 205
80 209
80 215
80 226
80 227
80 228
80 238
80 248
80 253
80 264
80 270
80 271
80 276
80 281
80 283
80 287
81 83
81 85
81 88
81 96
81 119
81 127
81 143
81 162
81 165
81 169
81 183
81 197
81 213
81 223
81 232
81 254
81 255
81 256
81 266
81 272
81 275
81 288
81 296
82 84
82 118
82 123
82 124
82 152
82 153
82 164
82 172
82 174
82 177
82 181
82 185
82 187
82 192
82 203
82 206
82 207
82 208
82 238
82 252
82 262
82 267
82 270
82 271
82 274
82 287
82 297
83 96
83 110
83 127
83 139
83 143
83 157
83 161
83 165
83 169
83 188
83 204
83 214
83 221
83 231
83 232
83 255
83 266
83 268
83 275
83 284
83 289
83 296
84 118
84 123
84 124
84 152
84 164
84 172
84 177
84 181
84 185
84 187
84 192
84 206
84 252
84 262
84 267
84 270
84 274
84 297
85 87
85 88
85 94
85 96
85 119
85 133
85 143
85 145
85 150
85 162
85 183
85 197
85 211
85 213
85 219
85 223
85 230
85 242
85 245
85 254
85 256
85 258
85 266
85 272
85 275
85 288
85 296
86 95
86 99
86 101
86 113
86 118
86 130
86 153
86 155
86 171
86 174
86 194
86 201
86 203
86 208
86 238
86 248
86 259
86 260
86 263
86 271
86 274
86 277
87 94
87 96
87 120
87 130
87 134
87 138
87 145
87 150
87 211
87 227
87 230
87 242
87 245
87 261
87 272
87 293
88 115
88 119
88 121
88 143
88 162
88 169
88 183
88 197
88 213
88 219
88 223
88 254
88 256
88 258
88 275
88 288
89 104
89 111
89 116
89 125
89 128
89 129
89 137
89 142
89 148
89 149
89 158
89 167
89 176
89 184
89 191
89 195
89 240
89 241
89 243
89 247
89 249
89 257
89 265
89 278
89 291
89 298
90 92
90 93
90 97
90 131
90 146
90 156
90 178
90 179
90 191
90 200
90 212
90 216
90 218
90 220
90 244
90 247
90 250
90 257
90 273
90 285
90 290
91 103
91 108
91 109
91 147
91 151
91 154
91 193
91 200
91 239
91 246
91 279
91 286
91 295
92 103
92 131
92 142
92 146
92 156
92 191
92 193
92 212
92 218
92 220
92 244
93 97
93 105
93 140
93 146
93 178
93 179
93 190
93 199
93 200
93 205
93 209
93 212
93 216
93 218
93 229
93 233
93 244
93 250
93 253
93 264
93 273
93 279
93 283
93 285
93 290
94 96
94 120
94 130
94 134
94 138
94 145
94 173
94 202
94 211
94 215
94 227
94 230
94 242
94 261
94 266
94 269
94 272
94 289
94 293
95 99
95 101
95 113
95 118
95 120
95 126
95 130
95 132
95 134
95 138
95 153
95 155
95 171
95 194
95 208
95 238
95 248
95 259
95 260
95 263
95 271
95 274
95 277
96 119
96 143
96 145
96 162
96 183
96 197
96 211
96 213
96 230
96 232
96 242
96 245
96 254
96 256
96 266
96 272
96 275
96 288
96 289
96 296
97 105
97 140
97 146
97 178
97 179
97 190
97 199
97 200
97 205
97 209
97 212
97 216
97 218
97 229
97 233
97 244
97 253
97 264
97 273
97 279
97 283
97 285
97 290
98 128
98 129
98 158
98 161
98 168
98 170
98 175
98 176
98 180
98 198
98 224
98 235
98 291
98 299
99 113
99 126
99 130
99 134
99 155
99 194
99 260
99 263
99 277
99 280
100 104
100 110
100 111
100 117
100 125
100 136
100 139
100 157
100 160
100 163
100 178
100 184
100 195
100 196
100 210
100 216
100 233
100 236
100 237
100 240
100 241
100 244
100 247
100 250
100 257
100 268
100 273
100 278
100 285
100 298
101 113
101 118
101 120
101 130
101 132
101 134
101 138
101 153
101 155
101 171
101 174
101 194
101 208
101 227
101 238
101 248
101 259
101 260
101 271
101 274
101 277
101 287
102 105
102 120
102 132
102 163
102 171
102 173
102 190
102 202
102 205
102 209
102 215
102 216
102 226
102 227
102 233
102 238
102 248
102 253
102 261
102 269
102 276
102 281
102 283
102 287
103 109
103 131
103 146
103 147
103 156
103 193
103 200
103 212
103 220
103 239
103 246
103 279
103 295
104 111
104 116
104 117
104 125
104 128
104 129
104 137
104 142
104 148
104 149
104 158
104 167
104 176
104 180
104 184
104 195
104 196
104 210
104 236
104 237
104 240
104 241
104 243
104 247
104 249
104 257
104 265
104 278
104 291
104 298
105 163
105 173
105 178
105 179
105 190
105 205
105 209
105 215
105 216
105 218
105 226
105 229
105 233
105 253
105 264
105 273
105 276
105 281
105 283
105 285
105 290
106 127
106 161
106 165
106 168
106 175
106 188
106 198
106 204
106 214
106 221
106 224
106 231
106 232
106 235
106 255
107 108
107 135
107 140
107 141
107 151
107 154
107 159
107 166
107 199
107 229
107 246
107 279
107 282
107 286
108 109
108 135
108 140
108 147
108 151
108 154
108 166
108 193
108 199
108 200
108 229
108 246
108 279
108 282
108 286
108 295
109 147
109 151
109 154
109 193
109 200
109 239
109 246
109 279
109 286
109 295
110 111
110 117
110 136
110 139
110 157
110 160
110 163
110 188
110 196
110 202
110 204
110 210
110 221
110 231
110 232
110 236
110 237
110 240
110 241
110 250
110 255
110 266
110 268
110 269
110 284
110 289
110 296
111 117
111 125
111 129
111 136
111 137
111 148
111 149
111 157
111 158
111 160
111 163
111 167
111 184
111 195
111 196
111 210
111 236
111 237
111 240
111 241
111 243
111 247
111 250
111 257
111 265
111 268
111 278
111 285
111 291
111 298
112 114
112 115
112 121
112 122
112 133
112 150
112 182
112 186
112 189
112 217
112 219
112 222
112 225
112 234
112 245
112 251
112 254
112 258
113 118
113 120
113 126
113 130
113 132
113 134
113 153
113 155
113 171
113 174
113 194
113 208
113 238
113 248
113 259
113 260
113 263
113 271
113 274
113 277
114 115
114 121
114 122
114 133
114 150
114 162
114 182
114 186
114 189
114 217
114 219
114 222
114 223
114 225
114 234
114 245
114 251
114 254
114 258
114 272
115 119
115 121
115 122
115 133
115 162
115 186
115 189
115 197
115 213
115 217
115 219
115 223
115 225
115 234
115 245
115 251
115 254
115 256
115 258
115 272
116 125
116 128
116 129
116 137
116 148
116 149
116 158
116 167
116 170
116 176
116 180
116 184
116 241
116 243
116 249
116 265
116 291
116 298
116 299
117 125
117 129
117 136
117 139
117 157
117 160
117 163
117 184
117 195
117 196
117 210
117 233
117 236
117 237
117 240
117 241
117 247
117 250
117 257
117 268
117 273
117 278
117 284
117 285
117 291
117 298
118 123
118 124
118 132
118 152
118 153
118 155
118 171
118 174
118 177
118 181
118 185
118 208
118 228
118 238
118 248
118 259
118 267
118 270
118 271
118 274
118 276
118 281
118 287
119 133
119 143
119 150
119 162
119 183
119 197
119 213
119 219
119 223
119 230
119 242
119 245
119 254
119 256
119 258
119 272
119 275
119 288
120 130
120 132
120 134
120 138
120 145
120 171
120 173
120 202
120 208
120 211
120 215
120 226
120 227
120 238
120 248
120 261
120 271
120 276
120 287
120 293
121 122
121 133
121 162
121 186
121 189
121 217
121 219
121 223
121 225
121 234
121 251
121 254
121 258
122 133
122 150
122 162
122 182
122 186
122 189
122 217
122 219
122 222
122 223
122 225
122 234
122 245
122 251
122 254
122 258
122 272
123 124
123 141
123 152
123 159
123 172
123 177
123 181
123 185
123 187
123 228
123 252
123 262
123 267
123 270
123 274
123 281
123 287
123 294
123 297
124 152
124 159
124 171
124 177
124 185
124 187
124 228
124 238
124 270
124 271
124 274
124 281
124 287
124 294
125 128
125 129
125 136
125 137
125 142
125 148
125 149
125 157
125 158
125 160
125 167
125 176
125 180
125 184
125 195
125 196
125 210
125 236
125 237
125 240
125 241
125 243
125 247
125 249
125 250
125 257
125 265
125 278
125 291
125 298
126 130
126 134
126 138
126 150
126 155
126 182
126 194
126 222
126 260
126 263
126 277
126 280
126 293
127 143
127 165
127 169
127 183
127 204
127 214
127 221
127 231
127 232
127 255
127 275
127 288
127 296
128 129
128 137
128 148
128 149
128 158
128 167
128 170
128 176
128 180
128 184
128 241
128 243
128 249
128 265
128 291
128 298
128 299
129 137
129 148
129 149
129 158
129 167
129 170
129 176
129 180
129 184
129 195
129 196
129 198
129 210
129 235
129 236
129 237
129 241
129 243
129 249
129 265
129 278
129 291
129 298
129 299
130 132
130 134
130 138
130 155
130 171
130 194
130 208
130 211
130 227
130 238
130 248
130 260
130 277
130 293
131 146
131 156
131 191
131 193
131 212
131 220
131 239
132 134
132 138
132 171
132 173
132 208
132 215
132 226
132 227
132 238
132 248
132 270
132 271
132 274
132 276
132 287
132 293
133 150
133 162
133 182
133 186
133 189
133 197
133 213
133 217
133 219
133 222
133 223
133 225
133 234
133 245
133 251
133 254
133 256
133 258
133 272
134 138
134 145
134 150
134 211
134 222
134 227
134 242
134 248
134 260
134 277
134 293
135 140
135 141
135 151
135 154
135 159
135 166
135 199
135 229
135 282
135 294
136 139
136 157
136 160
136 163
136 178
136 184
136 190
136 195
136 196
136 209
136 210
136 216
136 233
136 236
136 237
136 240
136 241
136 244
136 247
136 250
136 257
136 268
136 273
136 278
136 285
136 298
137 142
137 148
137 149
137 158
137 167
137 176
137 180
137 184
137 191
137 195
137 241
137 243
137 247
137 249
137 257
137 265
137 278
137 291
137 298
138 145
138 150
138 211
138 227
138 230
138 242
138 248
138 261
138 277
138 293
139 157
139 160
139 163
139 196
139 202
139 204
139 210
139 221
139 230
139 231
139 232
139 236
139 255
139 261
139 266
139 268
139 269
139 284
139 289
139 296
140 151
140 154
140 159
140 166
140 179
140 199
140 200
140 205
140 229
140 246
140 264
140 279
140 282
140 290
140 294
141 159
141 166
141 187
141 228
141 282
141 294
142 148
142 149
142 156
142 184
142 191
142 195
142 243
142 244
142 247
142 257
142 265
143 165
143 169
143 183
143 197
143 213
143 231
143 232
143 255
143 256
143 266
143 275
143 288
143 296
144 164
144 174
144 192
144 201
144 203
144 206
144 207
144 292
145 173
145 202
145 211
145 227
145 230
145 242
145 261
145 266
145 269
145 272
145 289
145 293
146 156
146 179
146 191
146 193
146 200
146 212
146 218
146 220
146 244
146 247
146 257
146 279
146 290
147 151
147 193
147 200
147 212
147 220
147 239
147 246
147 279
147 286
147 295
148 149
148 158
148 167
148 176
148 180
148 184
148 191
148 195
148 196
148 237
148 241
148 243
148 247
148 249
148 257
148 265
148 278
148 291
148 298
149 158
149 167
149 176
149 180
149 184
149 191
149 195
149 196
149 237
149 241
149 243
149 247
149 249
149 257
149 265
149 278
149 291
149 298
150 182
150 211
150 217
150 219
150 222
150 234
150 242
150 245
150 251
150 254
150 272
150 293
151 154
151 159
151 166
151 179
151 199
151 200
151 229
151 246
151 264
151 279
151 282
151 286
151 294
152 153
152 164
152 172
152 174
152 177
152 181
152 185
152 187
152 192
152 203
152 206
152 207
152 252
152 262
152 267
152 274
152 297
153 155
153 164
153 171
153 174
153 181
153 192
153 194
153 201
153 203
153 207
153 208
153 238
153 248
153 259
153 260
153 271
153 274
153 287
154 159
154 166
154 199
154 229
154 246
154 279
154 282
154 286
154 295
155 174
155 194
155 201
155 203
155 208
155 238
155 248
155 259
155 260
155 263
155 271
155 274
155 277
156 191
156 193
156 212
156 218
156 220
156 244
156 247
156 257
156 290
157 160
157 161
157 163
157 188
157 195
157 196
157 198
157 204
157 210
157 221
157 231
157 232
157 236
157 237
157 240
157 241
157 250
157 255
157 266
157 268
157 278
157 284
157 289
157 291
157 296
157 298
158 167
158 170
158 176
158 180
158 184
158 195
158 196
158 198
158 235
158 236
158 237
158 241
158 249
158 265
158 291
158 298
158 299
159 166
159 177
159 185
159 187
159 199
159 228
159 229
159 264
159 270
159 281
159 282
159 294
160 163
160 178
160 190
160 195
160 196
160 209
160 210
160 216
160 233
160 236
160 237
160 240
160 241
160 247
160 250
160 268
160 273
160 278
160 284
160 285
160 298
161 168
161 175
161 188
161 196
161 198
161 204
161 214
161 221
161 224
161 231
161 232
161 235
161 236
161 237
161 241
161 255
161 284
161 291
162 183
162 186
162 197
162 213
162 219
162 223
162 225
162 234
162 245
162 251
162 254
162 256
162 258
162 272
162 288
163 173
163 178
163 190
163 202
163 209
163 210
163 215
163 216
163 233
163 240
163 250
163 253
163 261
163 268
163 269
163 273
163 278
163 285
164 172
164 174
164 181
164 192
164 201
164 203
164 206
164 207
164 252
164 259
164 262
164 267
164 292
164 297
165 169
165 183
165 188
165 204
165 214
165 221
165 231
165 232
165 255
165 266
165 275
165 288
165 296
166 199
166 246
166 282
166 286
166 294
167 170
167 176
167 180
167 184
167 195
167 196
167 236
167 237
167 241
167 243
167 249
167 265
167 278
167 291
167 298
167 299
168 170
168 175
168 180
168 188
168 198
168 214
168 224
168 235
168 291
168 299
169 183
169 197
169 204
169 213
169 214
169 231
169 232
169 255
169 256
169 275
169 288
169 296
170 175
170 176
170 180
170 198
170 224
170 235
170 249
170 291
170 299
171 177
171 185
171 208
171 215
171 226
171 227
171 238
171 248
171 270
171 271
171 274
171 276
171 281
171 287
172 174
172 181
172 185
172 187
172 192
172 206
172 252
172 262
172 267
172 297
173 190
173 202
173 209
173 211
173 215
173 216
173 226
173 227
173 230
173 233
173 253
173 261
173 268
173 269
173 276
173 283
174 181
174 192
174 194
174 201
174 203
174 206
174 207
174 208
174 252
174 259
174 267
174 271
174 274
174 297
175 188
175 198
175 204
175 214
175 221
175 224
175 231
175 235
175 237
175 255
175 291
175 299
176 180
176 184
176 196
176 235
176 237
176 241
176 243
176 249
176 265
176 291
176 298
176 299
177 185
177 187
177 228
177 238
177 270
177 271
177 274
177 281
177 283
177 287
177 294
178 179
178 190
178 205
178 209
178 216
178 218
178 233
178 240
178 244
178 247
178 250
178 253
178 257
178 268
178 273
178 278
178 283
178 285
178 290
179 190
179 199
179 200
179 205
179 209
179 212
179 216
179 218
179 229
179 244
179 253
179 264
179 273
179 279
179 283
179 290
179 294
180 196
180 198
180 224
180 235
180 236
180 237
180 241
180 249
180 265
180 291
180 298
180 299
181 185
181 187
181 192
181 201
181 203
181 206
181 207
181 252
181 262
181 267
181 274
181 292
181 297
182 217
182 222
182 245
182 251
182 277
182 280
183 197
183 213
183 219
183 223
183 254
183 256
183 258
183 275
183 288
184 191
184 195
184 196
184 210
184 236
184 237
184 240
184 241
184 243
184 247
184 249
184 250
184 257
184 265
184 278
184 291
184 298
185 187
185 208
185 228
185 238
185 262
185 267
185 270
185 271
185 274
185 281
185 287
185 294
185 297
186 189
186 217
186 219
186 223
186 225
186 234
186 251
186 254
186 258
187 228
187 252
187 262
187 267
187 270
187 297
188 196
188 198
188 204
188 214
188 221
188 224
188 231
188 232
188 235
188 236
188 237
188 241
188 255
188 284
188 291
189 217
189 219
189 223
189 225
189 234
189 251
189 254
189 258
190 202
190 205
190 209
190 215
190 216
190 226
190 233
190 250
190 253
190 264
190 273
190 276
190 281
190 283
190 285
190 290
191 220
191 243
191 244
191 247
191 257
192 201
192 203
192 206
192 207
192 252
192 262
192 267
192 292
192 297
193 200
193 212
193 220
193 239
193 246
193 279
193 290
193 295
194 201
194 203
194 208
194 238
194 248
194 259
194 260
194 263
194 271
194 274
194 277
195 196
195 210
195 236
195 237
195 240
195 241
195 243
195 247
195 250
195 257
195 265
195 273
195 278
195 285
195 291
195 298
196 198
196 210
196 221
196 236
196 237
196 240
196 241
196 250
196 265
196 278
196 284
196 291
196 298
197 213
197 219
197 223
197 245
197 254
197 256
197 258
197 272
197 275
197 288
198 204
198 214
198 221
198 224
198 231
198 235
198 236
198 237
198 241
198 255
198 284
198 291
198 298
198 299
199 200
199 205
199 228
199 229
199 264
199 279
199 282
199 294
200 205
200 212
200 218
200 220
200 229
200 239
200 244
200 246
200 264
200 279
200 290
201 203
201 206
201 207
201 259
201 292
202 209
202 211
202 215
202 226
202 227
202 230
202 233
202 242
202 261
202 266
202 268
202 269
202 276
202 289
203 206
203 207
203 252
203 259
203 267
203 292
203 297
204 214
204 221
204 224
204 231
204 232
204 235
204 236
204 237
204 255
204 266
204 275
204 284
204 289
204 296
205 209
205 216
205 218
205 226
205 228
205 229
205 233
205 253
205 264
205 273
205 281
205 283
205 290
205 294
206 207
206 252
206 262
206 267
206 292
206 297
207 252
207 259
207 267
207 292
207 297
208 238
208 248
208 259
208 260
208 270
208 271
208 274
208 276
208 287
209 215
209 216
209 226
209 233
209 250
209 253
209 264
209 273
209 276
209 281
209 283
209 285
209 290
210 233
210 236
210 237
210 240
210 241
210 247
210 250
210 257
210 268
210 273
210 278
210 284
210 285
210 291
210 298
211 227
211 230
211 242
211 261
211 269
211 272
211 293
212 218
212 220
212 244
212 247
212 279
212 290
213 219
213 223
213 242
213 245
213 254
213 256
213 258
213 272
213 275
213 288
214 221
214 224
214 231
214 232
214 235
214 255
214 284
215 216
215 226
215 227
215 233
215 248
215 253
215 261
215 269
215 276
215 281
215 283
215 287
216 218
216 226
216 233
216 240
216 244
216 250
216 253
216 268
216 273
216 278
216 283
216 285
216 290
217 219
217 222
217 223
217 225
217 234
217 245
217 251
217 254
217 258
218 233
218 244
218 247
218 250
218 257
218 273
218 279
218 285
218 290
219 223
219 225
219 234
219 245
219 251
219 254
219 256
219 258
219 272
220 239
220 244
221 231
221 232
221 236
221 237
221 255
221 266
221 284
221 289
221 296
222 245
222 251
222 277
222 280
223 225
223 234
223 245
223 251
223 254
223 256
223 258
223 272
223 288
224 235
224 291
224 299
225 234
225 251
225 254
225 258
226 227
226 228
226 238
226 248
226 253
226 264
226 270
226 276
226 281
226 283
226 287
227 230
227 238
227 242
227 248
227 261
227 269
227 276
227 293
228 229
228 253
228 264
228 270
228 276
228 281
228 283
228 287
228 294
229 253
229 264
229 279
229 281
229 282
229 290
229 294
230 242
230 261
230 266
230 268
230 269
230 272
230 289
230 293
230 296
231 232
231 255
231 266
231 275
231 284
231 289
231 296
232 255
232 266
232 275
232 284
232 289
232 296
233 240
233 244
233 250
233 253
233 268
233 273
233 278
233 283
233 285
234 245
234 251
234 254
234 258
235 237
235 241
235 291
235 299
236 237
236 240
236 241
236 250
236 265
236 268
236 278
236 284
236 291
236 298
237 240
237 241
237 265
237 278
237 284
237 291
237 298
238 248
238 270
238 271
238 274
238 276
238 287
239 246
239 279
239 295
240 241
240 243
240 244
240 247
240 250
240 257
240 268
240 273
240 278
240 285
240 298
241 249
241 265
241 278
241 284
241 291
241 298
242 245
242 261
242 266
242 269
242 272
242 289
242 293
243 247
243 249
243 257
243 265
243 278
243 298
244 247
244 250
244 257
244 273
244 278
244 285
244 290
245 251
245 254
245 258
245 272
245 293
246 279
246 286
246 295
247 250
247 257
247 273
247 278
247 285
247 290
247 298
248 260
248 270
248 271
248 274
248 276
248 287
248 293
249 265
249 291
249 298
249 299
250 257
250 268
250 273
250 278
250 285
250 298
251 254
251 258
251 272
252 262
252 267
252 292
252 297
253 264
253 273
253 276
253 281
253 283
254 256
254 258
254 272
254 288
255 266
255 275
255 284
255 289
255 296
256 258
256 272
256 275
256 288
257 265
257 273
257 278
257 285
257 298
258 272
259 260
259 263
259 271
259 274
260 263
260 277
260 280
261 266
261 268
261 269
261 276
261 289
261 293
262 267
262 297
263 277
263 280
264 279
264 281
264 283
264 290
264 294
265 278
265 291
265 298
266 268
266 269
266 275
266 284
266 289
266 296
267 274
267 292
267 297
268 269
268 273
268 284
268 285
268 289
268 296
269 289
269 296
270 271
270 274
270 276
270 281
270 283
270 287
270 294
271 274
271 276
271 287
272 293
273 278
273 285
273 290
274 287
275 288
275 296
276 281
276 283
276 287
277 280
277 293
278 285
278 291
278 298
279 286
279 290
279 295
281 283
281 287
281 294
282 294
283 287
284 289
284 296
285 290
285 298
286 295
289 296
291 298
291 299
